#STEPS
18,18
17,18
16,18
15,18
14,18
14,17
13,17
12,17
12,18
11,18
10,18
9,18
8,18
7,18
6,18
5,18
4,18
4,17
3,17
2,17
1,17
0,17
0,16
1,16
2,16
1,15
0,15
0,14
1,14
2,14
3,14
4,14
5,14
6,14
7,14
8,14
9,14
10,14
11,14
11,13
10,13
10,12
9,12
9,11
8,11
10,11
11,11
12,11
13,11
14,11
15,11
16,11
17,11
18,11
19,11
19,10
18,10
17,10
17,9
16,9
15,9
14,9
13,9
12,9
12,8
11,8
10,8
9,8
8,8
8,7
9,7
10,7
11,7
12,7
13,7
14,7
15,7
15,6
14,6
13,6
12,6
11,6
10,6
9,6
9,5
8,5
7,5
6,5
5,5
4,5
3,5
3,4
2,4
1,4
1,3
0,3
0,2
1,2
2,2
3,2
#MAP
....#*************..
....******#*******..
##..*#****.#.**#.*..
..*.**#.**...**##*#.
#....*..**...**..**.
#..#.*..#....**...*#
.....*...##..**...*#
.....*.##..#..*..#*.
.....*#**.#.#.*...*.
.....****.#**#*.#.*.
.....#***..****...*.
#.....***#.*#**.##*.
#...#.****.*..#.#**.
#....#**.*.*.....*#.
......**.*.*....#**.
......**.*.*..#...*.
.......#.*#*.#....*.
.........***....##*.
..........**#.....@.
.....##...**.......#
