#STEPS
0,24
1,24
2,24
3,24
4,24
5,24
6,24
7,24
8,24
9,24
10,24
11,24
12,24
13,24
14,24
15,24
16,24
17,24
18,24
19,24
20,24
21,24
22,24
23,24
24,24
24,23
23,23
23,22
22,22
21,22
21,21
20,21
19,21
18,21
17,21
16,21
15,21
14,21
13,21
13,20
12,20
11,20
10,20
9,20
8,20
7,20
7,21
7,22
6,22
5,22
4,22
3,22
2,22
1,22
0,22
0,21
1,21
2,21
3,21
4,21
4,20
3,20
2,20
2,19
3,19
4,19
4,18
3,18
2,18
1,18
0,18
0,17
1,17
1,16
2,16
3,16
4,16
5,16
6,16
6,15
5,15
4,15
3,15
2,15
2,14
3,14
4,14
5,14
6,14
7,14
8,14
9,14
10,14
11,14
12,14
13,14
14,14
15,14
16,14
17,14
18,14
19,14
20,14
20,13
19,13
18,13
17,13
16,13
15,13
16,12
18,12
19,12
20,12
21,12
22,12
23,12
24,12
24,11
23,11
#MAP
.....#..#**##...#**..**.@
....**#.***.**##***##**.*
....***.*#*.*****#*****.*
.#..*#*#***.*****.*****.*
....*.*..**.*****.*****#*
....*.*##**#*****..#.#*.*
....*#***********...##*.*
....*.******.**.##.#***.*
#..#*.****#****.....*#..*
.##.*.*********.....*..#*
#...*###.#*#***...#.*##.*
...#*#**.#..***.....*...*
..##****##..***....#*#..*
#...#***..#..#*....#**.#*
.....***#....#*.#...#*#.*
..##..#*#...#.*..#...*..*
.#.....**..#..*.#....*..*
........*...#.*......*..*
........*...***..#...*..*
......#.*...***...#..*.#*
......#.*...***..##.#*#.*
..##....*##.*.#...#.#**.*
.......#***#*.........*#*
.#.#.#..*****...#.#...***
......#.**.**..........**
